 16 16
 3   6   9   2  10   1   7  15   5   8  11   4  16  13  12  14
 5  14  12  11   3  15   4   7   1  10  13   8   9   6   2  16
 6  15  13   2   5   8   4   1  11   7  12   9   3  10  16  14
 14   2  13  10   7  15   9   4   1   5   3   6  16   8  12  11
 9   3   5  14  13   1  15   7   2  16  12   6  10  11   8   4
 12   6  16  15   2   3   1  14  13   8   5   7   4  10   9  11
 15   7   2   9   4  14   3   5   1  11   6  10  13  12  16   8
 8  13   6   5  12  10   9  15   7   3  14  11   2   1   4  16
 11   4   1   8  16   5   7  10   2  13  15  14   6  12   3   9
 10  12   8  13   1   6  16   2   7   9   4   5  14   3  15  11
 1  16  11   6  15   7  14  12   8   3   9  13   5   4   2  10
 7  10   3   1  11   2   8  13  12   4  16  15   9   5  14   6
 16  11   7   3   9  12   6   8   5  15   2   1  14  13  10   4
 13   8   4  12   6  16  11   9  15   2  10   3   1  14   7   5
 2   9   7  16   3  11   4   6  15  12   5   8  14  10   1  13
 11   3   4  15   7   8  10   1  16   5   9  14  12   6  13   2
